[gd_scene load_steps=12 format=3 uid="uid://bjxnri1v5mw4d"]

[ext_resource type="Script" path="res://Scenes/UI/cursorReplace.gd" id="1_3jygw"]
[ext_resource type="PackedScene" uid="uid://gfmq6aak4yvy" path="res://Scenes/Objects/Enviornment/Sets/Set2.tscn" id="2_kleur"]
[ext_resource type="PackedScene" uid="uid://b1e5ea4gy04g6" path="res://Scenes/Player/player.tscn" id="3_q6gqc"]
[ext_resource type="PackedScene" uid="uid://dg8baha4agi7g" path="res://Scenes/Objects/Entities/mob_bat/mob_bat.tscn" id="4_dqsli"]
[ext_resource type="PackedScene" uid="uid://boxk4f8la0eos" path="res://Scenes/Player/PlayerCamera_3d.tscn" id="4_fbnnu"]
[ext_resource type="PackedScene" uid="uid://c83rjnqxooq8w" path="res://Scenes/Objects/Entities/Mob_Slime/mob_slime.tscn" id="5_whkng"]
[ext_resource type="PackedScene" uid="uid://dccy10ddswm32" path="res://Scenes/UI/user_interface.tscn" id="6_vtb8i"]
[ext_resource type="PackedScene" uid="uid://l44v7pty05hn" path="res://Scenes/Objects/Entities/pickups/health_pot.tscn" id="7_ufy12"]
[ext_resource type="PackedScene" uid="uid://cxlvqqq7lpe60" path="res://Scenes/Objects/Entities/pickups/page_drop.tscn" id="8_jycky"]
[ext_resource type="PackedScene" uid="uid://c56v0mev17n1b" path="res://Imports/Room1.gltf" id="9_p2oim"]
[ext_resource type="PackedScene" uid="uid://bjr6oop55cnbf" path="res://Scenes/Objects/Enviornment/Structures/floor.tscn" id="10_u8j3w"]

[node name="level02" type="Node3D"]
script = ExtResource("1_3jygw")

[node name="Player" parent="." instance=ExtResource("3_q6gqc")]
transform = Transform3D(1, 0, 0, 0, 1, 0, 0, 0, 1, 8.97079, 0, -27.6745)

[node name="CameraPivot" type="Marker3D" parent="Player"]
transform = Transform3D(-4.37114e-08, 0.5, -0.866025, 0, 0.866025, 0.5, 1, 2.18557e-08, -3.78552e-08, -50, 30, 0)

[node name="Camera3D" parent="Player/CameraPivot" instance=ExtResource("4_fbnnu")]
projection = 1
current = true
size = 25.0

[node name="HealthPot" parent="." instance=ExtResource("7_ufy12")]
transform = Transform3D(1, 0, 0, 0, 1, 0, 0, 0, 1, 6.0033, 0.5, 8.52356)

[node name="Mob_Slime" parent="." instance=ExtResource("5_whkng")]
transform = Transform3D(-0.707107, 0, -0.707107, 0, 1, 0, 0.707107, 0, -0.707107, 18.9332, 2, 17.4982)

[node name="Mob_Slime2" parent="." instance=ExtResource("5_whkng")]
transform = Transform3D(-0.707107, 0, -0.707107, 0, 1, 0, 0.707107, 0, -0.707107, 0.697408, 2, 33.652)

[node name="Mob_Slime3" parent="." instance=ExtResource("5_whkng")]
transform = Transform3D(-0.707107, 0, -0.707107, 0, 1, 0, 0.707107, 0, -0.707107, 15.4345, 2, 18.6554)

[node name="MobBat" parent="." instance=ExtResource("4_dqsli")]
transform = Transform3D(-0.707107, 0, -0.707107, 0, 1, 0, 0.707107, 0, -0.707107, 5.00659, 2, 6.58471)

[node name="MobBat2" parent="." instance=ExtResource("4_dqsli")]
transform = Transform3D(-0.707107, 0, -0.707107, 0, 1, 0, 0.707107, 0, -0.707107, 4.2427, 2, 33.3996)

[node name="page_drop" parent="." instance=ExtResource("8_jycky")]
transform = Transform3D(-0.707107, 0, -0.707107, 0, 1, 0, 0.707107, 0, -0.707107, 0.212101, 0.5, 6.26936)

[node name="page_drop2" parent="." instance=ExtResource("8_jycky")]
transform = Transform3D(-0.707107, 0, -0.707107, 0, 1, 0, 0.707107, 0, -0.707107, 8.63715, 0.5, -19.9343)

[node name="UserInterface" parent="." instance=ExtResource("6_vtb8i")]

[node name="Node3D" parent="." instance=ExtResource("9_p2oim")]
transform = Transform3D(-0.707107, 0, -0.707107, 0, 1, 0, 0.707107, 0, -0.707107, 10.0308, -1, -1.22656)

[node name="floor2" parent="." instance=ExtResource("10_u8j3w")]
transform = Transform3D(-0.707107, 0, -0.707107, 0, 1, 0, 0.707107, 0, -0.707107, 10.2309, -0.595572, -0.603729)

[node name="DirectionalLight3D" type="DirectionalLight3D" parent="."]
transform = Transform3D(-0.202189, 0.848139, 0.489673, 0, -0.5, 0.866025, 0.979347, 0.175101, 0.101094, 48.6072, 5, -4.32046)
light_color = Color(0.223529, 0, 0.996078, 1)
shadow_enabled = true

[node name="set2" parent="." instance=ExtResource("2_kleur")]
transform = Transform3D(-0.707107, 0, -0.707107, 0, 1, 0, 0.707107, 0, -0.707107, 10.9334, 0, -0.789688)
visible = false
